# 1 Rayleigh ellipticity mode(s)
# 2738 B6.report
# Layered model 2728: value=3.74747
# Mode 0
0.200885573645323 -0.758202852175725
0.205907712986456 -0.759551494543939
0.211055405811117 -0.760934460017864
0.216331790956395 -0.762352633143443
0.221740085730305 -0.763806921554735
0.227283587873562 -0.765298256568363
0.232965677570401 -0.766827593790801
0.238789819509662 -0.768395913738437
0.244759564997403 -0.770004222470356
0.250878554122338 -0.771653552233655
0.257150517975397 -0.773344962121134
0.263579280924781 -0.775079538741048
0.270168762947901 -0.776858396898607
0.276922982021598 -0.778682680288812
0.283846056572138 -0.780553562200079
0.290942207986442 -0.782472246228077
0.298215763186103 -0.784439966999033
0.305671157265755 -0.786457990901633
0.313312936197399 -0.788527616826571
0.321145759602334 -0.790650176912551
0.329174403592393 -0.792827037297432
0.337403763682202 -0.795059598873024
0.345838857774257 -0.797349298041752
0.354484829218614 -0.799697607473255
0.363346949949079 -0.802106036858691
0.372430623697806 -0.804576133660196
0.381741389290251 -0.807109483852657
0.391284924022507 -0.809707712654621
0.40106704712307 -0.8123724852447
0.411093723301147 -0.815105507459458
0.421371066383675 -0.817908526468264
0.431905343043267 -0.820783331420049
0.442702976619349 -0.823731754056335
0.453770551034833 -0.826755669284259
0.465114814810704 -0.829856995702569
0.476742685180971 -0.833037696072847
0.488661252310495 -0.836299777727277
0.500877783618258 -0.839645292903379
0.513399728208714 -0.843076338995034
0.526234721413932 -0.846595058708044
0.53939058944928 -0.850203640107123
0.552875354185512 -0.853904316539911
0.56669723804015 -0.857699366421979
0.580864668991154 -0.861591112865269
0.595386285715932 -0.865581923130418
0.610270942858831 -0.869674207881567
0.625527716430301 -0.873870420329755
0.641165909341059 -0.87817305458425
0.657195057074585 -0.882584644809492
0.67362493350145 -0.887107763001115
0.690465556838986 -0.891745016952862
0.707727195759961 -0.896499047737775
0.72542037565396 -0.901372526767839
0.743555885045309 -0.906368152386521
0.762144782171441 -0.911488645944344
0.781198401725727 -0.91673674730301
0.80072836176887 -0.922115209708578
0.820746570813092 -0.927626793968835
0.841265235083419 -0.933274261864255
0.862296865960505 -0.939060368715754
0.883854287609517 -0.944987855025876
0.905950644799755 -0.951059437103096
0.928599410919749 -0.957277796571481
0.951814396192743 -0.963645568660233
0.975609756097561 -0.970165329159435
1 -0.976839579919912
1.025 -0.983670732766266
1.050625 -0.990661091683279
1.076890625 -0.997812833126767
1.103812890625 -1.00512798430085
1.13140821289062 -1.01260839923479
1.15969341821289 -1.02025573248402
1.18868575366821 -1.02807141027181
1.21840289750992 -1.03605659888149
1.24886296994767 -1.04421217010263
1.28008454419636 -1.05253866353121
1.31208665780127 -1.06103624552139
1.3448888242463 -1.06970466458755
1.37851104485245 -1.07854320305991
1.41297382097377 -1.08755062480571
1.44829816649811 -1.09672511884229
1.48450562066056 -1.10606423868959
1.52161826117708 -1.11556483733838
1.5596587177065 -1.1252229977493
1.59865018564917 -1.13503395884817
1.6386164402904 -1.14499203704678
1.67958185129766 -1.15509054339904
1.7215713975801 -1.1653216966015
1.7646106825196 -1.1756765321696
1.80872594958259 -1.18614480826923
1.85394409832215 -1.19671490886234
1.90029270078021 -1.20737374503976
1.94780001829971 -1.21810665567023
1.9964950187572 -1.22889730879699
2.04640739422614 -1.23972760556961
2.09756757908179 -1.25057758891571
2.15000676855883 -1.26142535964189
2.2037569377728 -1.27224700321382
2.25885086121712 -1.2830165311076
2.31532213274755 -1.29370584135538
2.37320518606624 -1.30428470372982
2.4325353157179 -1.31472077592504
2.49334869861084 -1.324979658089
2.55568241607611 -1.33502499412894
2.61957447647802 -1.34481862931841
2.68506383838997 -1.35432083483454
2.75219043434972 -1.36349061087405
2.82099519520846 -1.37228608082718
2.89152007508867 -1.38066498947502
2.96380807696589 -1.38858531810203
3.03790327889003 -1.39600602848858
3.11385086086228 -1.40288794561555
3.19169713238384 -1.40919478481643
3.27148956069344 -1.41489432398118
3.35327679971077 -1.41995970792478
3.43710871970354 -1.42437086974095
3.52303643769613 -1.42811601973009
3.61111234863853 -1.4311931464157
3.7013901573545 -1.43361143715501
3.79392491128836 -1.43539249793577
3.88877303407057 -1.43657121912853
3.98599235992233 -1.43719610524928
4.08564216892039 -1.43732886938839
4.1877832231434 -1.4370430973997
4.29247780372198 -1.43642182549172
4.39978974881503 -1.43555395894546
4.50978449253541 -1.434529592486
4.62252910484879 -1.43343447362036
4.73809233247002 -1.43234403826219
4.85654464078176 -1.43131761826334
4.97795825680131 -1.43039350127706
5.10240721322134 -1.42958548366238
5.22996739355187 -1.42888136230572
5.36071657839067 -1.42824352710946
5.49473449285044 -1.42761148314476
5.6321028551717 -1.42690586083936
5.77290542655099 -1.42603332475755
5.91722806221476 -1.42489177863829
6.06515876377013 -1.42337538803282
6.21678773286439 -1.42137910796639
6.372207426186 -1.41880258943637
6.53151261184065 -1.41555349830638
6.69480042713666 -1.41155036905772
6.86217043781508 -1.40672517714408
7.03372469876046 -1.40102580926907
7.20956781622947 -1.39441860353047
7.3898070116352 -1.3868910769711
7.57455218692608 -1.37845490940342
7.76391599159923 -1.3691491802525
7.95801389138921 -1.35904376912901
8.15696423867394 -1.34824272292887
8.36088834464079 -1.33688725809245
8.56991055325681 -1.32515790570254
8.78415831708823 -1.31327512634986
9.00376227501543 -1.30149755791191
9.22885633189082 -1.29011694527373
9.45957774018809 -1.27944886831536
9.69606718369279 -1.26981870174966
9.93846886328511 -1.26154296911227
10.1869305848672 -1.25490734572749
10.4416038494889 -1.25014389147123
10.7026439457261 -1.24741115398719
10.9702100443693 -1.24678101265645
11.2444652954785 -1.24823510472895
11.5255769278655 -1.25167152463122
11.8137163510621 -1.25691998757719
12.1090592598387 -1.26376182311741
12.4117857413346 -1.27195067117365
12.722080384868 -1.28123053691238
13.0401323944897 -1.29134931941379
13.366135704352 -1.30206737495419
13.7002890969608 -1.31316167257314
14.0427963243848 -1.32442657901274
14.3938662324944 -1.33567235586804
14.7537128883067 -1.34672229745611
15.1225557105144 -1.35740918568216
15.5006196032773 -1.36757150962264
15.8881350933592 -1.37704971380284
16.2853384706932 -1.38568261205217
16.6924719324605 -1.39330402442736
17.109783730772 -1.39973965040667
17.5375283240413 -1.40480418037938
17.9759665321424 -1.40829862676718
18.4253656954459 -1.41000790066259
18.8859998378321 -1.4096986476196
19.3581498337779 -1.40711740398895
19.8421035796223 -1.40198916587006
